128202318876246017
202620532196114442
221042589439229953
223968093225877505
258616418373730305
259826372183064576
277640110755938304
286057164190121986
303605766047268864
331350272997589012
334018691534684162
337620917087764482
338694295869718528
338848503457382400
339375389073735682
354270127396749312
396209495761485828
398125674847666186
413526642259132416
420949850532741120
452673187365257236
456226577798135808
465565427821707264
471107534397374475
473440169698263054
504118779433844747
506068124186181634
508210015027462145
543409801837936651
547111678148345856
549010609027678217
557249381682774055
575294750001725460
592081491530612768
604396357960073227
609335364339105792
618510299800010782
636173152506085388
638766360284889098
647816316140519434
652152269307117574
656417920435617822
658732503955406850
661903931122778123
665852643125624845
667017377950728194
667801259054596107
669923404874252291
676432724260814848
676638304216809512
680505745506435075
688514892462161928
696143525925879869
703229206078947348
705327534555791370
706926910273486908
708067224203689995
708688097818181633
715023933400940635
729036820750532720
733370235146731694
735597416958525573
740300924068691969
740345917542105149
741690666806935586
741761931848974368
746821656801968179
750074668723208254
751461856706560050
759093325692272690
764196285191553044
764521237807628341
765873577299673098
767117624982110238
769169017226657853
775786569201483817
780059625797582859
781497301310111744
784094048939540490
784468859666825217
785491742727995393
788246479725789224
789592441531138119
795546671438233601
797441377918386186
797931648259194912
798309841051189258
798340437030862899
799095356041461821
800115042933538876
800414933534900246
800792406500180009
800846313939271750
801507664718594059
801852067093676092
802207755997675590
803414987514576908
805206907543355402
806085118682071060
806633811285639228
807349794855059488
810655051152228423
811409660871049216
811898716037578763
812063012512202752
812735844909318214
812986468477042689
813435629874315304
814393670484361228
814872434100404294
820125419654348800
820311052243697694
820389134933819393
820645674974576642
822435924439990313
823138169105022997
823142653448421396
823896781854998548
825356244885700608
831085367091789844
